image: wide.png
resolution: 0.05812
origin: [-85.02697297692728,-36.45524891195882, 0.000000]
negate: 0
occupied_thresh: 0.45
free_thresh: 0.196
